New Ads
190460
190404
190312
190313
190315
190314
190316
190318
190317
187816 - SOLD
190202
190203
190292
190204
190293
190311
190264
190245
190322
190410
190429
190444
190454
190455
190483
190459
190474
190467
190319
190336
190320
190350
190349
190337
190351
190355
190352
190354
190353
190356
190358
190357
190359
190452
190360
190482
190481
157111
190430
189494 - SOLD
190395
190197
190183
190377
190269
190428
190388
190437
190433
190425
190367
190288
190258
190415
190307
190176
190181
190289
190268
190331
190266
190205
190333
190334
190335
190338
190387
190416
190347
190386
190464
190168
190186
190172
190340
190466
190419
190458
190463
190461
190462
190465
190468
190469
190476
190475
190477
190431
190432
190434
190435
190436
190438
190439
190440
190442
190441
190399
190427
190400
190398
190401
190402
190405
190403
190406
190407
190408
190409
190411
190368
190369
190370
190374
190371
190372
190373
190376
190378
190375
190379
190384
190382
190381
190383
190341
190339
190343
190342
190348
190346
190361
190344
190362
190365
190366
190364
190363
190305
190321
190308
190309
190310
190324
190323
190325
190326
190328
190330
190327
190332
190329
190273
190274
190276
190275
190277
190280
190278
190279
190281
190282
190284
190283
190262
190239
190240
190246
190242
190249
190247
190243
190251
190250
190252
190253
190254
190255
190259
190224
190227
190228
190223
190207
190208
190209
190210
190212
190213
190214
190216
190218
190219
190192
190169
190173
190166
179511- SOLD
190164
190165
181938 - SOLD
190174
190177
190175
190182
190184
190185
190187
190190
190188
190194
190198
190199
190195
190196
190200
190201
190220
190221
190222
190229
190230
190231
190232
190234
190235
190236
190237
190238
190260
190261
190263
190265
190267
190270
190272
190271
190286
190285
190287
190290
190291
190294
190295
190296
190297
190298
190299
190300
190304
190303
190385
190389
190390
190392
190391
190396
190394
190397
186772 - SOLD
190412
190414
190417
190421
190420
190418
190424
190422
190423
190426
190443
190445
190447
190446
190448
190449
190450
190451
190453
190456
190457
188350 - SOLD
188386 - SOLD
190478
190479
190484
190480
190485
190486
190487
190189
188954 - SOLD
188955 - SOLD
189701 - SOLD
190226 - SOLD
190225
190413
190393
190471
190470
190473
190472
190180
190244
124465
154548
107465
317 new ads
==================================================
190163
190157
190156
190152
190149
190143
190142
190137
190129
190128
190122
190121
190120
190114
190109
190108
190105
190100
190099
190093
190090
190072
190069
190059
190042
190041
190040
190039
190034
190023
190022
190020
190018
190017
190010
190005
189997
189993
189986
189985
189984
189978
189967
189961
189956
189951
189942
189939
189922
189915
189905
189897
189891
189874
189850
189826
189824
189822
189820
189819
189818
189817
189816
189814
189812
189810
189809
189808
189806
189775
189755
189745
189735
189728
189710
189701
189698
189674
189659
189652
189613
189612
189611
189609
189578
189560
189557
189494
189486
189485
189458
189451
189444
189443
189439
189419
189383
189368
189288
189285
189178
189173
189166
189141
189140
189128
189120
189111
189068
188977
188955
188954
188904
188864
188849
188841
188839
188810
188799
188792
188696
188682
188681
188680
188679
188638
188609
188607
188499
188488
188469
188386
188379
188350
188343
188297
188272
188256
188208
188194
188193
188188
188059
187881
187816
187806
187785
187739
187731
187675
187651
187631
187620
187578
187546
187453
187452
187451
187416
187415
187380
187371
187316
187273
187234
187233
187232
187231
187230
187229
187227
187226
187225
187224
187211
187168
187091
187090
187089
187058
187010
186789
186772
186764
186718
186639
186436
186409
186334 - SOLD
186329
186328
186219
186196
185995
185858
185759
185650
185349
185348
185131
184839
184838
184764
184756
184297
184296
184294
184073
183627
183488
183236
183062
182720
182541
182257
182014 - SOLD
181938
181871
181759
181355
181141
180831
179511
177476 - SOLD
177060
176617
175304
174172
174113
174053
173290
172723
172124
170346 - SOLD
168380
167603
167563
237 ads no longer up
